epoch: 0	train ppl: 327.53186888128624	val ppl: 176.59968753915115	best val: 176.59968753915115	time (s) spent in epoch: 109.27826642990112
epoch: 1	train ppl: 112.14711375032293	val ppl: 131.26255619099615	best val: 131.26255619099615	time (s) spent in epoch: 109.11964821815491
epoch: 2	train ppl: 60.109709685006536	val ppl: 125.25156267352403	best val: 125.25156267352403	time (s) spent in epoch: 109.20759797096252
epoch: 3	train ppl: 34.583234935411	val ppl: 139.2714861067885	best val: 125.25156267352403	time (s) spent in epoch: 108.66088628768921
