epoch: 0	train ppl: 331.86907457408927	val ppl: 180.5237009760188	best val: 180.5237009760188	time (s) spent in epoch: 103.4947898387909
epoch: 1	train ppl: 114.34411531119235	val ppl: 130.29357373333065	best val: 130.29357373333065	time (s) spent in epoch: 104.33794808387756
epoch: 2	train ppl: 61.79777194530767	val ppl: 123.0081127758353	best val: 123.0081127758353	time (s) spent in epoch: 104.25244235992432
epoch: 3	train ppl: 36.272169182715835	val ppl: 135.2451034281015	best val: 123.0081127758353	time (s) spent in epoch: 103.67623353004456
