epoch: 0	train ppl: 863.4601385869275	val ppl: 380.3100534054916	best val: 380.3100534054916	time (s) spent in epoch: 60.40678906440735
epoch: 1	train ppl: 295.7397460257096	val ppl: 256.9366052059351	best val: 256.9366052059351	time (s) spent in epoch: 60.2117760181427
