epoch: 0	train ppl: 328.5037624137797	val ppl: 176.3566661221636	best val: 176.3566661221636	time (s) spent in epoch: 109.95243787765503
epoch: 1	train ppl: 112.19225834721786	val ppl: 129.9069391400613	best val: 129.9069391400613	time (s) spent in epoch: 109.86964726448059
epoch: 2	train ppl: 59.91943225778406	val ppl: 126.78625503411537	best val: 126.78625503411537	time (s) spent in epoch: 109.86606168746948
