epoch: 0	train ppl: 399.5556472905075	val ppl: 206.77687464551448	best val: 206.77687464551448	time (s) spent in epoch: 110.60407376289368
epoch: 1	train ppl: 137.22361079873514	val ppl: 143.38193373222947	best val: 143.38193373222947	time (s) spent in epoch: 109.6620934009552
epoch: 2	train ppl: 75.40699083045193	val ppl: 130.77200514931127	best val: 130.77200514931127	time (s) spent in epoch: 109.78409314155579
