epoch: 0	train ppl: 633.5532018401288	val ppl: 326.12026066178885	best val: 326.12026066178885	time (s) spent in epoch: 111.21231079101562
epoch: 1	train ppl: 270.93292740017057	val ppl: 233.07695516181946	best val: 233.07695516181946	time (s) spent in epoch: 111.05869793891907
