epoch: 0	train ppl: 372.182431307591	val ppl: 209.96730570351184	best val: 209.96730570351184	time (s) spent in epoch: 120.72438359260559
epoch: 1	train ppl: 142.79858164421898	val ppl: 160.02208455250482	best val: 160.02208455250482	time (s) spent in epoch: 120.32367014884949
epoch: 2	train ppl: 86.44399901756574	val ppl: 147.70732107229298	best val: 147.70732107229298	time (s) spent in epoch: 120.28877115249634
