epoch: 0	train ppl: 835.3712853111203	val ppl: 418.09640980287367	best val: 418.09640980287367	time (s) spent in epoch: 107.70200276374817
epoch: 1	train ppl: 320.58931988179734	val ppl: 259.3438959193612	best val: 259.3438959193612	time (s) spent in epoch: 107.24081611633301
