epoch: 0	train ppl: 523.3881272393975	val ppl: 244.26349870296826	best val: 244.26349870296826	time (s) spent in epoch: 62.71771025657654
epoch: 1	train ppl: 180.74054807727723	val ppl: 172.75934248270963	best val: 172.75934248270963	time (s) spent in epoch: 62.46591877937317
epoch: 2	train ppl: 117.02695092439917	val ppl: 148.19251417503813	best val: 148.19251417503813	time (s) spent in epoch: 62.28208613395691
